0 0.0195 0.9781 0.0266 0.0771
9 0.1664 0.9969 0.0703 0.0604
9 0.2117 0.9354 0.0547 0.05
7 0.2141 0.9073 0.0625 0.0604
3 0.1266 0.8052 0.1531 0.1021
0 0.0742 0.4792 0.0172 0.0625
0 0.1031 0.476 0.0219 0.0646
9 0.0297 0.4365 0.0563 0.0354
9 0.1008 0.4042 0.0297 0.0542
1 0.0961 0.3958 0.0234 0.0667
1 0.1031 0.3875 0.0219 0.05
3 0.032 0.1854 0.0547 0.0625
7 0.1313 0.201 0.0281 0.0479
9 0.082 0.3021 0.0391 0.0375
9 0.0844 0.3094 0.0313 0.0437
7 0.0617 0.3385 0.0484 0.0563
0 0.3945 0.0313 0.0078 0.0375
3 0.3766 0.076 0.0437 0.0646
3 0.3695 0.1281 0.0391 0.0521
3 0.3734 0.1833 0.0437 0.0708
9 0.5805 0.8646 0.0266 0.0625
1 0.5797 0.85 0.025 0.0667
9 0.4664 0.9063 0.0203 0.0542
1 0.4664 0.876 0.0234 0.0604
7 0.4289 0.9646 0.0359 0.1042
1 0.4313 0.9542 0.025 0.0542
5 0.2742 0.7812 0.1578 0.1292
3 0.3328 0.7292 0.1156 0.1083
3 0.3305 0.6469 0.0578 0.0854
4 0.3547 0.5385 0.0594 0.1271
3 0.3445 0.4177 0.0359 0.0771
4 0.1617 0.6552 0.1922 0.1479
3 0.1937 0.5896 0.0563 0.1042
9 0.4602 0.7135 0.0203 0.0521
1 0.4602 0.6854 0.0203 0.0542
9 0.4828 0.4958 0.0219 0.05
1 0.4836 0.4729 0.0172 0.0458
9 0.4625 0.574 0.0219 0.0563
2 0.4328 0.5688 0.0187 0.05
1 0.4328 0.5417 0.0156 0.0458
1 0.4609 0.55 0.0219 0.0542
9 0.4547 0.4698 0.0187 0.0479
1 0.4547 0.4448 0.0187 0.0479
9 0.5727 0.55 0.0172 0.0542
1 0.5711 0.5469 0.0172 0.0437
1 0.5734 0.5375 0.0187 0.0542
9 0.2586 0.4719 0.0578 0.0437
7 0.3812 0.3917 0.0281 0.075
1 0.3797 0.3906 0.0219 0.0479
9 0.4797 0.049 0.0156 0.0396
1 0.4789 0.0385 0.0141 0.0396
9 0.4297 0.0885 0.0125 0.0354
1 0.4297 0.074 0.0125 0.0396
0 0.1797 0.2167 0.0156 0.0542
9 0.1961 0.2542 0.0516 0.0458
1 0.193 0.2469 0.0141 0.0437
1 0.2039 0.2448 0.0109 0.0396
3 0.2422 0.2708 0.1094 0.0667
3 0.2367 0.3115 0.1172 0.0604
0 0.2336 0.2229 0.0141 0.05
0 0.2242 0.2125 0.0172 0.0583
9 0.4625 0.1344 0.0156 0.0396
1 0.4602 0.1323 0.0109 0.0271
1 0.4633 0.1198 0.0141 0.0313
9 0.3187 0.2771 0.0281 0.0333
1 0.3203 0.2594 0.0187 0.0437
9 0.3328 0.2469 0.0437 0.0354
1 0.3313 0.2365 0.0156 0.0396
9 0.3836 0.225 0.0297 0.0375
1 0.3805 0.2125 0.0172 0.0417
7 0.3258 0.2229 0.0484 0.0625
1 0.3219 0.2229 0.0187 0.0333
9 0.35 0.2229 0.0281 0.0333
1 0.3492 0.2083 0.0141 0.0375
7 0.4469 0.1948 0.0344 0.0688
1 0.4453 0.1958 0.0187 0.0375
9 0.4359 0.2885 0.0156 0.0563
1 0.4352 0.2771 0.0172 0.0458
1 0.4352 0.2708 0.0172 0.0458
