3 0.5031 0.0375 0.0844 0.1917
3 0.6297 0.0792 0.0969 0.1917
3 0.518 0.3333 0.1047 0.2292
9 0.6383 0.4542 0.0422 0.1125
1 0.6398 0.4438 0.0297 0.0792
9 0.1281 0.299 0.0875 0.0896
6 0.1898 0.3458 0.1453 0.0875
6 0.0023 0.4188 0.1078 0.0833
9 0.0273 0.3604 0.0766 0.0708
9 0.0297 0.2823 0.075 0.0646
9 0.0766 0.2052 0.0719 0.0604
7 0.0797 0.1594 0.075 0.1021
7 0.0023 0.0083 0.0703 0.0875
9 0.0242 0.0 0.0766 0.0792
9 0.0906 0.0281 0.0656 0.0604
9 0.1695 0.0062 0.0672 0.0625
9 0.1273 0.051 0.0641 0.0563
9 0.118 0.0937 0.0703 0.0625
