3 0.5031 0.3875 0.0844 0.1917
3 0.6297 0.4292 0.0969 0.1917
3 0.518 0.6833 0.1047 0.2292
9 0.6383 0.8042 0.0422 0.1125
1 0.6398 0.7938 0.0297 0.0792
9 0.1281 0.649 0.0875 0.0896
6 0.1898 0.6958 0.1453 0.0875
6 0.0023 0.7688 0.1078 0.0833
9 0.0273 0.7104 0.0766 0.0708
9 0.0297 0.6323 0.075 0.0646
9 0.0766 0.5552 0.0719 0.0604
7 0.0797 0.5094 0.075 0.1021
7 0.0023 0.3583 0.0703 0.0875
9 0.0242 0.35 0.0766 0.0792
9 0.0906 0.3781 0.0656 0.0604
9 0.1695 0.3562 0.0672 0.0625
9 0.1273 0.401 0.0641 0.0563
9 0.118 0.4437 0.0703 0.0625
7 0.0203 0.2948 0.075 0.0771
9 0.0641 0.2677 0.0812 0.0688
7 0.0844 0.2094 0.0656 0.0896
9 0.0727 0.2 0.0859 0.0542
0 0.0195 0.0781 0.0266 0.0771
2 0.1586 0.2417 0.0703 0.0542
9 0.1625 0.2177 0.0625 0.0521
9 0.2039 0.1906 0.0703 0.0646
9 0.1664 0.0969 0.0703 0.0604
9 0.2117 0.0354 0.0547 0.05
7 0.2141 0.0073 0.0625 0.0604
9 0.4664 0.0063 0.0203 0.0542
7 0.4289 0.0646 0.0359 0.1042
1 0.4313 0.0542 0.025 0.0542
9 0.2812 0.1844 0.0563 0.0521
9 0.3641 0.2281 0.0313 0.0688
1 0.3641 0.2063 0.0344 0.0792
