7 0.6758 0.8979 0.0859 0.1083
1 0.6648 0.9208 0.0297 0.075
7 0.5922 0.8219 0.0938 0.1271
9 0.6211 0.7146 0.0609 0.0917
9 0.8016 0.775 0.0781 0.1208
6 0.9023 0.7688 0.1078 0.0833
9 0.9273 0.7104 0.0766 0.0708
9 0.9297 0.6323 0.075 0.0646
9 0.9766 0.5552 0.0719 0.0604
9 0.8461 0.6781 0.0703 0.0604
9 0.8484 0.6365 0.0781 0.0563
7 0.9797 0.5094 0.075 0.1021
9 0.8828 0.5948 0.0875 0.0729
7 0.8867 0.55 0.0984 0.1208
7 0.8656 0.4563 0.0719 0.1083
7 0.9023 0.3583 0.0703 0.0875
9 0.9242 0.35 0.0766 0.0792
9 0.9906 0.3781 0.0656 0.0604
7 0.7391 0.2833 0.0812 0.0875
9 0.7547 0.2208 0.0594 0.0625
7 0.9203 0.2948 0.075 0.0771
9 0.9641 0.2677 0.0812 0.0688
7 0.9844 0.2094 0.0656 0.0896
9 0.9727 0.2 0.0859 0.0542
0 0.9195 0.0781 0.0266 0.0771
9 0.8641 0.0563 0.0563 0.0583
7 0.7953 0.0615 0.0625 0.0896
9 0.7945 0.0656 0.0641 0.0563
9 0.7969 0.0521 0.0594 0.05
9 0.8156 0.025 0.0563 0.0542
