9 0.6844 0.7167 0.075 0.0958
0 0.7195 0.9729 0.0422 0.0542
0 0.693 0.6802 0.0422 0.1021
7 0.6758 0.5479 0.0859 0.1083
1 0.6648 0.5708 0.0297 0.075
7 0.5922 0.4719 0.0938 0.1271
9 0.6211 0.3646 0.0609 0.0917
9 0.8016 0.425 0.0781 0.1208
6 0.9023 0.4188 0.1078 0.0833
9 0.9273 0.3604 0.0766 0.0708
9 0.9297 0.2823 0.075 0.0646
9 0.9766 0.2052 0.0719 0.0604
9 0.8461 0.3281 0.0703 0.0604
9 0.8484 0.2865 0.0781 0.0563
7 0.9797 0.1594 0.075 0.1021
9 0.8828 0.2448 0.0875 0.0729
7 0.8867 0.2 0.0984 0.1208
7 0.8656 0.1063 0.0719 0.1083
7 0.9023 0.0083 0.0703 0.0875
9 0.9242 0.0 0.0766 0.0792
9 0.9906 0.0281 0.0656 0.0604
